2.80952380952381
5.32394366197183
5.69852941176471
3.82608695652174
3.80813214739517
2.94292068198666
2.56955380577428
3.04772937905468
2.7741935483871
4.42222222222222
4.57228915662651
3.13605442176871
2.89605389797883
2.08570004982561
2.2362292051756
2.20362134688691
1.625
3.38053097345133
3.77720207253886
2.91733870967742
3.02308499475341
2.41435464414958
1.88069666182874
1.89601582367901
1.26760563380282
2.66442953020134
3.09166666666667
2.63157894736842
2.64033457249071
2.4977862112587
1.7493961352657
1.894858463316
0.966292134831461
1.97297297297297
2.51724137931034
2.25291181364393
1.85662867426515
2.47251461988304
1.64167393199651
1.57750472589792
0.966292134831461
