2.92
4.93406593406593
5.61849710982659
3.80121703853955
3.40289069557362
1.92001361470388
1.63774038461538
2.17061356297094
2.80555555555556
4.44545454545454
4.62745098039216
2.23659673659674
2.63886874546773
3.1916354556804
2.02409288824383
2.15828877005348
2.16981132075472
3.55555555555556
4.10548523206751
2.70735294117647
2.18775995246583
1.9906681597611
1.3794840790004
2.0175355450237
1.52631578947368
2.63905325443787
3.48251748251748
2.2640586797066
2.61270333075136
1.80726072607261
2.16609854353889
1.69151306461414
1.11578947368421
2.38693467336683
2.84210526315789
2.12753277711561
2.47298245614035
1.60025542784163
1.73410028217929
2.25433382862803
1.11578947368421
