1.18181818181818
1.68965517241379
2.04
2.23595505617978
2.25903614457831
2.20242914979757
2.25846153846154
1.89268292682927
0.7
1.2
1.31764705882353
1.53741496598639
1.54929577464789
1.45560747663551
1.43793103448276
1.23141654978962
0.459459459459459
0.986486486486487
1.17094017094017
1.23831775700935
1.36734693877551
1.4043321299639
1.41677943166441
1.13304721030043
0.316666666666667
0.759259259259259
0.95906432748538
1.06713780918728
1.20729366602687
1.20794701986755
1.15081652257445
1.03099510603589
0.302631578947368
0.556338028169014
0.745283018867924
0.81151832460733
0.990639625585023
0.920489296636085
0.925691699604743
0.859649122807018
0.302631578947368
