0.6
1.13235294117647
1.21238938053097
1.37142857142857
1.33834586466165
1.48103448275862
1.38612565445026
1.33403805496829
0.404761904761905
0.623711340206186
0.696319018404908
0.883365200764818
0.886850152905199
0.879973474801061
0.942097026604069
0.772319688109162
0.32934131736527
0.490861618798956
0.559800664451827
0.588646288209607
0.641650099403579
0.629386684158741
0.674388339406559
0.652146727803251
0.323886639676113
0.497237569060774
0.508333333333333
0.594944512946979
0.605271514766593
0.61079295154185
0.629862408697129
0.60620848583435
0.28328611898017
0.480314960629921
0.480769230769231
0.564616755793226
0.5635886423288
0.559642912113283
0.584836665041443
0.568931463559155
0.28328611898017
