0.625
0.935483870967742
1.03125
1.17391304347826
1.332
1.30446927374302
1.25
0.834738617200675
0.423728813559322
0.585271317829457
0.66903073286052
0.762942779291553
0.79153605015674
0.817368421052632
0.838311429709279
0.892702312138728
0.310483870967742
0.467054263565891
0.553973902728351
0.558125
0.662532882375047
0.665878023133544
0.658725431804646
0.637824081437888
0.314432989690722
0.396878483835006
0.516248153618907
0.549674620390456
0.588107847857487
0.617587258556422
0.608827085852479
0.628741898981586
0.247491638795987
0.417774086378738
0.490825688073394
0.535202293724116
0.538095238095238
0.587509077705156
0.582245194051505
0.570524748790473
0.247491638795987
