1.08333333333333
1.64516129032258
1.76363636363636
1.86538461538462
2.10734463276836
2.02583025830258
2.08767123287671
1.72626931567329
0.666666666666667
1.03333333333333
1.30392156862745
1.30810810810811
1.42774566473988
1.36381709741551
1.42682926829268
1.13276492082826
0.395833333333333
0.888888888888889
1.02614379084967
1.16981132075472
1.23012552301255
1.29871977240398
1.20816326530612
1.12857142857143
0.310810810810811
0.691176470588235
0.888888888888889
0.928571428571429
1.10236220472441
0.993137254901961
1.06324110671937
0.966090850927703
0.278350515463918
0.513513513513513
0.665492957746479
0.795698924731183
0.839012925969448
0.906644238856182
0.836222355050807
0.843386243386243
0.278350515463918
