0.875
1.47368421052632
1.55882352941176
1.69747899159664
1.82882882882883
1.82779456193353
1.79185520361991
1.43906810035842
0.486486486486486
0.842696629213483
0.973154362416107
1.09259259259259
1.18867924528302
1.14741035856574
1.20940170940171
1.0270979020979
0.352112676056338
0.662162162162162
0.808510638297872
0.841269841269841
0.946222791293214
0.977738201246661
0.911953727506427
0.900387382401771
0.318181818181818
0.534188034188034
0.669421487603306
0.698630136986301
0.805301645338208
0.799388379204893
0.784428442844284
0.759536275243082
0.268965517241379
0.46078431372549
0.501010101010101
0.604819277108434
0.688782489740082
0.725401606425703
0.694770544290288
0.67103694874851
0.268965517241379
