0.652173913043478
1.30909090909091
1.38144329896907
1.47590361445783
1.46130952380952
1.5553235908142
1.47191011235955
1.32600258732212
0.385714285714286
0.645161290322581
0.739463601532567
0.864988558352403
0.889578163771712
0.913549459684123
0.893120393120393
0.805830039525692
0.32089552238806
0.480263157894737
0.585416666666667
0.607909604519774
0.665018541409147
0.69415496148618
0.673089483997387
0.662968099861304
0.278301886792453
0.435064935064935
0.524258760107817
0.550974512743628
0.588380716934487
0.614577259475219
0.639373601789709
0.627323420074349
0.304029304029304
0.427118644067797
0.481407035175879
0.523782876329043
0.572032618544246
0.565288246078631
0.590177264595869
0.591919739696312
0.278301886792453
