1.54545454545455
2.13333333333333
2.4
2.46315789473684
3.10055865921788
3.80392156862745
2.78306878306878
2.34368932038835
0.80952380952381
1.42307692307692
1.47674418604651
1.53571428571429
1.83962264150943
2.25663716814159
1.89533011272142
1.65206508135169
0.567567567567568
1.0253164556962
1.29365079365079
1.43111111111111
1.47826086956522
1.55258764607679
1.44132029339853
1.35889872173058
0.39344262295082
0.852173913043478
1.07386363636364
1.19672131147541
1.12520868113523
1.24393063583815
1.27667269439421
1.07877927608233
0.329113924050633
0.692307692307692
0.775423728813559
0.925257731958763
1.00722543352601
0.987654320987654
0.981664315937941
0.899309551208285
0.329113924050633
