1.84615384615385
2.86486486486486
4.21875
5.41666666666667
4.08532423208191
3.83739837398374
3.72419106317411
3.58961038961039
1.81818181818182
2.79661016949153
3.22
3.4945652173913
3.0997375328084
3.27454242928453
2.91552795031056
3.0177267987487
1.07692307692308
2.1547619047619
2.25179856115108
2.68724279835391
2.40471092077088
2.55070422535211
2.17381974248927
2.69053934571176
0.629032258064516
1.30252100840336
1.6530612244898
1.65428571428571
2.05855161787365
1.59749739311783
1.61336515513126
1.43564993564994
0.4125
0.887417218543046
1.02127659574468
1.20138888888889
1.54567901234568
1.34065934065934
1.35203094777563
1.18016614745587
0.4125
