2.70588235294118
5.18518518518518
6.57
4.70188679245283
3.73366834170854
3.57800224466891
1.70442708333333
3.61290322580645
1.73076923076923
3.80555555555556
4.78294573643411
3.70226537216828
3.533527696793
2.48730158730159
3.46465390279823
2.95561097256858
1.0952380952381
1.97916666666667
3.21875
3.44767441860465
3.35040431266846
3.0530749789385
2.29417989417989
2.32574430823117
0.985074626865672
2.38518518518519
2.55
2.12019230769231
2.59529411764706
2.63820224719101
1.8385269121813
1.98624056813138
0.776470588235294
1.77514792899408
2.21691176470588
2.37525773195876
2.45198329853862
2.41648898365316
1.8874288217258
2.23811659192825
0.776470588235294
